<!DOCTYPE html>
<html>
  <head>
    <meta charset="utf-8">
    <meta name="viewport" content="width=device-width, initial-scale=1">
    <link id="favicon" rel="icon" type="image/png" href="" />
    <title>This is CS50</title>
    <link rel="stylesheet" href="/index.css">
  </head>
  <body>
    <button class="sidebar-trigger">&#x2261;</button>
    <site->
      <header>
        <a href='/'>
          <svg><use xlink:href="#icon-cs50-wordmark"></use></svg>
        </a>
      </header>
      <sidebar-></sidebar->
      <main></main>
    </site->
    <svgs->
      <svg id="icon-cs50-wordmark" xmlns="http://www.w3.org/2000/svg" viewBox="0 0 488.27667 145.32827"><g data-name="Layer 1"><path d="M72.063 145.306a72.612 72.612 0 0 1-28.71-5.615 69.387 69.387 0 0 1-37.93-38.34A74.075 74.075 0 0 1 0 73.06v-.407a73.31 73.31 0 0 1 5.422-28.188 72.07 72.07 0 0 1 15.064-23.083A69.667 69.667 0 0 1 43.57 5.717 75.29 75.29 0 0 1 73.264.01a94.163 94.163 0 0 1 17.968 1.6 75.3 75.3 0 0 1 14.746 4.425 64.422 64.422 0 0 1 12.25 6.805 82.947 82.947 0 0 1 10.435 8.837l-19.67 22.686a74.823 74.823 0 0 0-16.753-11.65 42.747 42.747 0 0 0-19.17-4.208 39.214 39.214 0 0 0-16.345 3.415 38.652 38.652 0 0 0-12.954 9.426 44.216 44.216 0 0 0-8.428 13.952 47.116 47.116 0 0 0-3.017 16.97v.396a48.274 48.274 0 0 0 3.006 17.072 44.915 44.915 0 0 0 8.326 14.042 38.753 38.753 0 0 0 29.4 13.045q12.048 0 20.373-4.447a78.843 78.843 0 0 0 16.56-12.023l19.67 19.862a99.078 99.078 0 0 1-11.24 10.424 65.444 65.444 0 0 1-27.893 12.964 91.63 91.63 0 0 1-18.467 1.702zM195.317 144.91a93.523 93.523 0 0 1-31.522-5.526 83.783 83.783 0 0 1-28.074-16.958l18.263-21.88a90.657 90.657 0 0 0 19.783 12.443 52.8 52.8 0 0 0 22.175 4.604c6.4 0 11.4-1.18 14.93-3.493a11.024 11.024 0 0 0 5.32-9.732v-.397a12.027 12.027 0 0 0-1.113-5.32 11.173 11.173 0 0 0-4.208-4.31 45.368 45.368 0 0 0-8.656-4.003q-5.53-2.008-14.406-4.23a176.432 176.432 0 0 1-19.306-5.82 54.624 54.624 0 0 1-14.678-7.918 31.866 31.866 0 0 1-9.358-11.74Q141.13 53.6 141.13 43.17v-.42a40.957 40.957 0 0 1 3.597-17.366 39.732 39.732 0 0 1 10.073-13.34 45.225 45.225 0 0 1 15.472-8.62A62.252 62.252 0 0 1 190.1.42a84.07 84.07 0 0 1 28.414 4.605 82.515 82.515 0 0 1 23.775 13.25L226.215 41.56a101.017 101.017 0 0 0-18.455-10.14 47.474 47.474 0 0 0-18.07-3.71c-6.01 0-10.514 1.158-13.554 3.518a10.642 10.642 0 0 0-4.503 8.723v.41a12.446 12.446 0 0 0 1.305 5.91 11.902 11.902 0 0 0 4.74 4.525 43.984 43.984 0 0 0 9.348 3.8c3.98 1.213 8.95 2.61 14.995 4.208a144.555 144.555 0 0 1 19.012 6.318 53.47 53.47 0 0 1 14.11 8.43 32.408 32.408 0 0 1 8.656 11.546 39.434 39.434 0 0 1 2.904 15.858v.397a43.656 43.656 0 0 1-3.79 18.57 38.017 38.017 0 0 1-10.582 13.657 48.05 48.05 0 0 1-16.175 8.428 70.57 70.57 0 0 1-20.838 2.904zM302.635 145.328q-17.1 0-29.73-5.58a79.037 79.037 0 0 1-22.88-15.36l18.67-22.232a73.234 73.234 0 0 0 16.074 11.253 38.473 38.473 0 0 0 17.445 4.014c7.248 0 12.965-1.7 17.185-5.06s6.307-8.21 6.307-14.552v-.397c0-6.046-2.29-10.742-6.93-14.11-4.606-3.37-10.584-5.026-17.968-5.026a50.56 50.56 0 0 0-12.547 1.496 64.84 64.84 0 0 0-10.912 3.72l-17.887-11.84 4.015-69.25h86.446v27.098h-59.937l-1.633 24.467c2.813-.657 5.615-1.224 8.428-1.678a61.63 61.63 0 0 1 10.06-.703 68.323 68.323 0 0 1 19.17 2.596 45.14 45.14 0 0 1 15.745 8.02 37.298 37.298 0 0 1 10.618 13.918c2.552 5.67 3.822 12.432 3.822 20.338v.397a50.578 50.578 0 0 1-3.822 20.133 43.98 43.98 0 0 1-10.81 15.223 48.254 48.254 0 0 1-16.958 9.732 68.52 68.52 0 0 1-21.972 3.38zM426.094 117.4a24.622 24.622 0 0 0 12.636-3.3 30.71 30.71 0 0 0 9.642-9.244 44.732 44.732 0 0 0 6.113-14.043 70.59 70.59 0 0 0 2.122-17.752v-.407a67.317 67.317 0 0 0-2.224-17.752 46.505 46.505 0 0 0-6.34-14.155 31.31 31.31 0 0 0-9.835-9.427 23.98 23.98 0 0 0-12.545-3.414 24.52 24.52 0 0 0-12.637 3.312 28.978 28.978 0 0 0-9.505 9.222 47.946 47.946 0 0 0-6.136 14.043 67.528 67.528 0 0 0-2.19 17.776v.397a68.718 68.718 0 0 0 2.19 17.865 46.355 46.355 0 0 0 6.24 14.145 30.542 30.542 0 0 0 9.73 9.347 24.54 24.54 0 0 0 12.74 3.39zm-.42 27.894a58.363 58.363 0 0 1-25.58-5.524 57.763 57.763 0 0 1-19.668-15.256 69.88 69.88 0 0 1-12.545-22.97 89.82 89.82 0 0 1-4.412-28.506v-.385a87.958 87.958 0 0 1 4.503-28.506 71.53 71.53 0 0 1 12.74-23.083 59.76 59.76 0 0 1 19.76-15.45 58.828 58.828 0 0 1 70.667 15.167 70.93 70.93 0 0 1 12.636 22.982 87.86 87.86 0 0 1 4.504 28.505v.397a87.908 87.908 0 0 1-4.504 28.505 71.412 71.412 0 0 1-12.738 23.083 59.614 59.614 0 0 1-19.76 15.45 57.918 57.918 0 0 1-25.6 5.59z"/></g></svg>
      <svg id="icon-youtube" xmlns="http://www.w3.org/2000/svg" viewBox="0 0 1021.4487 718.4229"><path id="Triangle" d="M407,493,683,350,407,206Z" transform="translate(-1.7749 -1.2959)" fill="#fff"/><path id="The_Sharpness" data-name="The Sharpness" d="M407,206,649.042,367.625,683,350Z" transform="translate(-1.7749 -1.2959)" fill="#420000" fill-rule="evenodd" opacity="0.12"/><g id="Lozenge"><path fill="#b31217" d="M1013.0234,156.2813S1003.042,85.8921,972.417,54.895c-38.84182-40.6836-82.37992-40.8852-102.34572-43.2666C727.13378,1.2959,512.72119,1.2959,512.72119,1.2959h-.4439s-214.40819,0-357.35009,10.3325C134.96,14.0098,91.4375,14.2114,52.5815,54.895,21.9561,85.8921,11.9902,156.2813,11.9902,156.2813S1.7749,238.9404,1.7749,321.5996v77.4932c0,82.6582,10.2153,165.3174,10.2153,165.3174s9.9659,70.3896,40.5913,101.3867c38.856,40.6836,89.896,39.3974,112.6289,43.6611C246.92819,717.2939,512.5,719.7188,512.5,719.7188s214.63378-.3233,357.57128-10.6553c19.9658-2.3819,63.5039-2.583,102.34572-43.2666,30.625-30.9971,40.6064-101.3867,40.6064-101.3867s10.2002-82.6592,10.2002-165.3174V321.5996C1023.2236,238.9404,1013.0234,156.2813,1013.0234,156.2813ZM407.04689,493,407,206,683,350Z" transform="translate(-1.7749 -1.2959)"/></g></svg>
    <svgs->
    <script src='/index.js'></script>
  </body>
</html>
