User-agent: *
Disallow: /wp-admin/
Disallow: /wp-includes/
Disallow: /wp-content/*/
Disallow: /cgi-bin/
Disallow: /feed/
Disallow: /blog/feed/
Disallow: /comments/feed/

sitemap: http://white.net/sitemap.xml

#Regularly look at robots.txt files? Sounds like you could be our kind of person, why not check out http://white.net/careers/?


#     110000011      00000     00000     00000   00000      00000     000001   00000000000000000   000000000000001
#   110010010011     00000    0000000    00000   00000      00000     000001   00000000000000000   000000000000001
#  110000000000011    00000   00000001  00000    00000      00000     000001         00000         000001
# 10000000000000001   00000  1000000001 00001    0000000000000000     000001         00000         000001
# 00 0 000 0 0 0 01   100001 0000 0000 00000     0000000000000000     000001         00000         00000000000001
# 00 0 000 0 0 0 01    0000000011 1100000000     0000000000000000     000001         00000         00000000000001
# 00 0 000 0 0 0 01     00000001   10000000      00000      00000     000001         00000         000001
# 10000000000000001     00000001   10000000      00000      00000     000001         00000         000001            000000
#  110000000000011       000000     000000       00000      00000     000001         00000         000000000000001   000000
#    10010001001         000000     000000       00000      00000     000001         00000         000000000000001   000000
#       11011            000000     000000       00000      00000     000001         00000         000000000000001   000000
